1205

1111111111111111111 1111111 deserviens,
8111111111 dedicat Principt 1111111,
111111 1111111111 11111111 111111,

111 Christum voce 11111111.

Felix 1111111111,111111 1111111111;
111 11 111111 11111111 11111 rugitu
Murmur, 111111 1111111 81111111

11111111 11111 11111111.

111111 11111111,1111111 111111,
11111111 1111111 11111111111111111, ·
111 Christo 11111111, mente deliberat ‚

Ut virgo 1111111 1111111.

Sed bottis 111111111111, (111 1111111
tutorem 1111111 111111111111111 ;
8111111111 111111 111111 1111111111

0111111111 111111.

Virgo 1111111111 juncta piissima,
Quos septem 1111111 1111111 1111111
11111111 nisibus 111111111111111111,

1111111111 11111111.

Flammas 1111111111, 111111111111111,
So Christo re'ddere 1111111 1111111,
1111111111 11111111, 11111111111111111,

1111111111 vota 11111111.

1111111 11111111, 111111111111111,
1111111111111111 11111 11111111
11111111 111 111111111111111111111,

Savus monet 111111.

11111 1111111 11111 demergere
1111111111 11111111111111111 imperat,
1111111111 1111111 1111111111 1111111;

Et 1111111 vota 1111111.

Sed 1111111 11111111 11111 1111111111,
1111 1111111111111 1111111 1111111 ;

111 11111111111111111111 1111111111
11111111 1111 11111111.

11111 1111 11111, Virgo, te 11111111
11111111 111111, 1111111 11111,

11111111. misertusque ctetica 1111111,
Piorum 111111111111.

1111,1ξ111111,11111111 1111 1111111111,
Et 8111111 11111111 11111 1111111,

Nobis 11111111111111 tribuent,
11111111 Deus, (mnibus.

Sit 11111 11111111 111111 111111 ,
11111111 1111111111,11(111 11111111,
11111111 111111, 111 1111111111,

8111111111 1111111111.

Amen?

DIE 11111.
1111111111111 111111 mrum 11111111
tt 1111111111.

At 1111111111.
111111. (11111111111111. 8111. 1111111111. 1111·
1111101111 1111. 111. 1111.

banda. 11 1111111111 1111111 1111111111111111111

81Νο10111111. - 111811 ssstttttttttts.

1111

A 11111 nimis. P. 11111111. 1. (111111,111ο111. v.
1111111111.
1111111111.

1111111111 Christi 1111111111
1111111111 tonis 11111111
tantis 1111111111 111111
1111111 (1111111) 11111111.

- 111111111111111111111 111,
Quem 11111 1111 1111111111
8111111111 arcessens

= 1111111111111111.

(1111111111111 1111111
11111111111 tributu
1111111111 1111111111
Deinde decus 1111111111.

Qui 1111111111 1111111111
1111111111, 1111111111111
1111111111 1111111
1111111111 igne 11111111.

1111111 111111 1111111111.

. 8111111111111111 1111111,
11111111 111111 1ιό11111
11111111 11111111 1111111.

Castis 11111111111111,
1111111 111111111111111,
11111111111111 111111
11111 1111111111111.

0111111111 11111ιί111111
1111111111 vitat praemia
1111 11111 11111111ἰηί1
(11111 11111 11111111.

1111111111 libens 11111111
Adsit 11111111 11111111,
111111 clement 111111
11111111 111111 Principem.

Nobis 11111111111111
Praese'ntis 111, 1111111
11111111 111111 111111,

Et, 1111111111111, 11111111.

Deo Patri sit 1111111,
[111111] 1111111111Ιί Filio,
Cum Spiritu 11111111,
11111111 11111111 11111111.

Amen.

(1

n 8111111111. 0111111, 1111111111111. 11111111.
capitula. [11111111 1111 Christe, 1111 11111111 111
11111111111111111, qui Levi sumpsit 11111111,
1111111111111111111111111; ltaque 111 1111111 Ec-
1111111 1111 statuisti 11 1111111111 11,111111111,111·
ctum, primum 11 111111 quidem 111111111111 1111111,
111111111111 11 1111111111 11 111111111111111111

1111111111111 11 1111111111 ; 11111 11111111 1111111, ’

11 ejus 1111111111 111 111111 1111111 1 1111111111 11
1111111 11111 , quod 1111111111111111111111111111
1111111, 1111111111111111 11 1111111111111111111

11111111 11111111111; 111 111 111111111111111
(111111 1

1111111111 11111111 111111111111111,11111111. y. 11111 noster. 11111111 1 malo. 111. 2.
1111111111,(111 timet [1611111111 iu 1111111111 ejus Benedictio. 1111111111 111111 1111111111,ι111 11116111

 

