11111111 1111111111ς
0111111111111111111111111 Α
111111 111111111111.

1113111111 11111111,

111111 elegantior

1111 11111111, 11111 11111111,
1111111111 1111111111;

011 (1111111111, 11111011111111
(1111111111111 11111111.

1111 11111111111 1111111
nesciens 1111111,

, eluisti 111 1111111 (1111
Sibi 1111111 imprecans :
111111, Deo 11111111,
1111111111 11111111.

1111111111 Aulam 11111111
1111111111 1111111111,
1111111111 1111111111
1111111111 11111111;
11111111 corrobamus
11 11111 11111111.

1111111111 11111 11111
1111111111 11111111
1111111111 11111111111111111
1111111111 multiplicat,

Quod 1111111111 ’11111111
Plena 1111111 1111111.

Ad 11111111 0111111 ’11111111
11111111 milites
Cum 11111 011111111111
1111111111 1111111
11111111 3111111111
1111111111 11111111.

111111 11111, 11111111 1111
0111111111 11111111,

11111 1111111111 11111111

Decii 111111111111;

Quem 11111 1111111111 8111111
1111111111 1111111111.

Nec 11111111 1111 11111111
F 1111111111 1111111,

“ 8111111111111111111111111111111
1111111 11111111111“1; ’
1111111111111 111111,
(11111111 excerperent.

1111111111 1111111111,
5111111111 0111111111
1111111111 111111 11111
11111 Clu-isto fflrtym :
1181111 1111111111
1111111111 11111111.

1111111 post 111 11111111
1111111111 1111111111 :
1111111111111111 illum
11111111 Pyros 111111111ς
Nam 11111, 11 aurum fulgens
1111111111 1111111111

5111111111111 111 11111 decem
1111111 1111111111

nummum
A

(1011110111.

Quo· 111 (111111111111111
(1111111 1111111111 ;
1111111111111111111
1111111 1111111111.
1111111111, 11 1111111111
sponsor 1111111111,
111 1111 mmmmm·
1111111 non 11111111,
Qua 1111 1111111111111111111
1111111111 11111111
Sed 11111111 1111111111
11111111 11111111,
1111111111 1111111111 111111
Omnia 11111111;
111 11111111 1116111111
11111 111 1111111 1111111.
Amen.
8111111111. 0111111111111111111111111111,11 11111.
capum. 6111111111, 111111111111, 11111111
11 1111111111111 bmnium 1111111111, qni 1111111Ιί111
1111111111 almum 11111111 1111101111111111111;
1111111 mique 111111, 1111111111 1111111111111111
11111, 111111 11111111111111111111111111111·
1111 [111111111611111111111111111111111111111 111·
1111111111, 11 11111111 111111111111 11111111111111
captivus 1111111111, 1111111111111111111111111111
1111111 1111111111, fieretque 111 1111111111 1111611111
populorum 11 quaesumus, 11 11111111, 11111111
exposcimus, vocisque 1111 1111111111 111-1111111-
111111111111111111; 11 111 digneris 1111 11111111

ΰ1111111111 1111111111 1111111111 111011111111111111

1

0111111111 ejus, 1111111111111 11111, 111111111111·
11111111 misericor· 111111111111111111 111111 111·
111111, 11 11111111111111 precem, 1111111 1111111111,
1111111111, 1111111111 benigneque 11 1111111111.
11111111111111111111, 1111111111 11111111. 111111·
1111 conspectibus 111, 11111111, populorum 1111 111-
111 deprecatione 1111111, 1111 11111111611111 maje-
111111111111111111 : 111, 11111111, 11 111 111111111111
111111 1111111111111111 11111111 1111111111111111111,
sitque 1111111111111111111111111111. 1111111, 111·
1111111111,1111ιί11111 1111111111 11111, 0111-
111, 111111 purissimam 1111111111111111111111 1111-
rationem 1111111111111; 1111111111 1116111111
11 clemens 11111111, quod 11111 suscipias, 11 11·
1111111111 11111 1111111111, 1111111ῐὶ111 dignos 11
11111111

111111 111111, 11111111 1111111. [111.

Benedictio. 11111111111111111111,11 1111111111
1111111111 1111111111, proces 11111111 populorum
11111111 (11111111 111111111111111 111111 0111111·
photi 5111111111111111 1111111 11111111111111111111
11. 11111. lpse 1111111111 11111111 111111 1111111·
1111111111111111 1111111111 111111 11111111 11111111,
quos inspicit 111 111111111111111 11 tempto:
11. 11111. 5111111111111111 1111111111 11111111-

111111 1111111111 1311111111111111111111111 1111111111
111; 1111111111 ipse 0111111111, 1111, 11 pater,
singulorum 11111111 parcan 11111111. 0111ρί11

 

