1111 mmmmm! 6011116111. 1111

1111111111 11111111 Anu. 11111111ς P. 1111111 11 11111 11111111 surim

Β ι1111111 1111111 111111 1111 : 1111111111 1111111111111111111.11111111,
11111111111111111111111, 11111111. 1. 111111111111111 11 1111111111, ein 111·

1111111111111111111, 11111111111111111111111111111111111111111111111.

111111 111111 usquead 11111111 01111111111111. 1.(111111, 11111111 Ρ. 11111111 111111.

sam 111111111111, 1111111111.

0111111111 1111111 1111, Urbis 1111111111 1111 1111111

1111 11111111 111 111111. Septem 1111111111 11111111 1111111111, ·
0111111111. 11111111 1111111 11111111111111111,1·111 1111111111

Alba morbis 11111111 1111111111 1111111111 1111111.

11111111 1111 1111111111 1111111 1111111111 11111111 1111111

111111111111111111111 : 1111111111, 1111111111, 11111 &sychima

11111111111111111 relinquit, 11111 1111111111, 1111811111111111,

11111111111111111111. suncti 1111111111, 0111111111 1111.
111111111811111111111, 11111111111111111111111111111

Quo 11111111, 1111111111, Β 11111111 0111111 11111111111111

1111111111 1111 11111111 0111111111111111 111111111111111,

1111111 111111111111111111 111111111111111111111111111111.

811111111111111111111 1111111111 Locis 1011111111 1111111111 11 Viris

11111 11111111 1111111. ni· 111111111111, 1111 1111111111111 z
81111111111111111111111 111111111111111 111111 quarere,

111 11111111 11111111, 01111111 11111111 membra 1111111111.

1111111111 111111 11111 11111111111111111111111111

111111111111 1111111 : 11111 1111111111 1111111111111 :

8111111 1111 11111 111111, 01111111 11111111 161111111111111111,

8111111111111111. ’111161111111111 1111111111111.
611111 Patri, 11111111, 11111111111111111111111 1116111111,

8111111111111111 11111111111111111111111111111,

1111111111, 1111111111, 1111111111 11111 unque 11111111

111111111111111111111 c 1111111161111 1111 111111 rugam.
11111111 1111111 1111111111 &d pons 1111111111 11111111 1111111·

8111111111 1111111. 11 partes 111111 pronus 1111111111,
11111. 111111 11 1111111111 11111111 111111,

1111111 1111111111 11111111 11111111.

{cmm} FESTA Apulus.
111 111.
1111111 111111 11111111,
111 111111 111111 1111111111.
0111111 1111111111 plurimorum Hartyrum. [1111111.
1111111111, qui 111 11111 1111 1111111111111.

1111111111111111111 11111111,
1111111111 1111111 1111111 1111111
Sanctus 11111111111111111,11 11111111,
Sanctorum 11111111111111111111111.

’11111111111111111111 11111111 parem
Sanctorum 1111111 1111111 1111111111,
11111. 01111111111111 unda 1111111111,

11111 11111. 1111111111111.1111..

mn ι, 11111511111111 1611111 1111111111,

ί 1111111 11111111111111 1111111111 1111 5111181111111 11111111111111111 ²
1111111111. 1) 111111111111111111 1111111111 11111,
M 1111111111, Et 1111111111111111111 1111111111.

11111. 11111111 111. foe. 11111, 111111111111111111111111 1111111111

8111.11111111. 111111111111111111111111111511- 11111111116111111111111111 11 1111111111,
1111111 2 P. 111 11 11111 11111 111111 1111111111111 1111111111111111111111111111111,
11111111. 111111111111111111 1111611111111111111- 11111111111111111111111 niterent.
111 1 quibus 111 1111111111 11111 1111111. P. 11111. Per 1111 1111111111 1111111 111111

11111111 111. 1111111111. · 1111111 1111111111 11111111 1

1111111111. 11111111. 1111 1111 1111 1111111111 111 111111111111111,11111111111111
1111111 : 11. 11111111 1111111 1111611111 1111111111 11 1111111111,1111111111111111 1111111111.
11111111 1111. 1.(11111 1111111111 11111111 Dei, 11111· Ex 11111 11111111 1111111111 11111111
1111111111 eius 1111111111 firmentum. P. 11· 111111 multiplici 1111111111111111111,
111111. 1.(111111, 1111111. Ρ. 11111111. Consenti 11111111, 1111111111111 :

11111111 111. 11. Et 1111. Sic 111111 111111, 1111111111 111.

tanda. 111111111111111111111111111111111111111- 1111111111 1111111111 1111111

 

