1111

’11111 11111 1111111111
1111111111 111111 11111111
1111111111 neo.

1111 1111111111 11111111
Esset 111111 1111111111.

1111111111111111111 1111111,
'Cedit 1111 11111111
11111111 111111 1111111
11111 arena· 1111111
011111111111111 1111111111
voce, 11111, 11111111,

121111, 111 nee 1111111111
111 11111111111111 :
11111111111111 in 1111111
1111111111 1111111111,

1111 11111111 1111 11111111,
Quos 11111111 11111111.

1111111 1111111111 1111111
11111111 congemit 1111111
11111 him 111111 11111111
8111111111 11111111 1
01111,1111111111111 11111111,
1111111111] 1111111111 :

111111 111 11111111 1111111
cun 1111111111111 111ς
11111 1111111 1111111, 11 11111
Voce 1111111111 1111111;
Andium, 111111111111 1111111
flecis aete'mi 1111111.

1111 1111111111 abyssi
11111 1111111111,
1111111111 1111111 1111111
Qua 111111Ιί1 1111111111
1111 11111 111111 1111111
1111111 1111111111111ε

111111111111111 1111111
11111, 1111 11111 1111111,
Unicum 1111111 111111
111111111111111ος
8111111111 1111 1111 1111111111
Lu 1111111111 1111111ε

1111111111 1111111 decorum 1111
1111 111111 dignum viris
11111111 1111111111111111
'rem 1111111111111,
11111111 1111111 cerro,

11111 11 11111111 vincere:

Pulchra 1111 ictum 1111111
11111111111111111111 ,
11111111 111 111111 1111111111
11111 111111 1111111111
1111 mens in 111111
11111111 1111111 611111.

1111 111111111ᾱί 1111111
1111111111 1111111111
11.Ιί111,111111 11111111
Cingulum Christus 11111 t
[111111181111 111111 11111 1111
Armi· 1111111 11111111,

nummum (1011111111.

A (1111111 111111111111111ς
81111111 Crucis 11111111
111111 11111111 1111111111, ”
Quot 11111111 1111111,
1111111111 11111111 1111111,
Quod 1111111111 1111111111.

1111111111 1111111111
rem 1111111 1111111111,
1111111111 11111111 111111,
011111 11111 1111111,
1111111111 11111111
1111111111 1111111111.
1111111111 11111, 1111111111
11111111 11111111.
1111111111 11111111Ιί1
111 111 mm 1111111111
111111 1111111111,
1111111111 11111111. ·
11111111 1111111111 11111
vesti· 1111111 11111111
1111 virgus, 1111111111,
E! 1111111111 1111111
111111 111111 1111111111
Christi 11111111111111,
career 11111111 11111
cona 111111 11111111,
1111111111 111 omne
’1111111111111 manus,
1111111111 1111111,
111 111111 1111111111
’1111 11 1111 11111 111111
’111111 11111111 111111,
1111111 1111111 11111111
011 11111111 11111111
11111 11111 111111111111111,
11111 11111111 1111111.
1111111 11111111 regi
1111111 1111 11111111
11111 mulum 111 omno
01111111 1111111111;

“ 1111111 1111611111,111111111111

1111111111111111111.
11111. ·

snpplicatio. 0111111111111111111 1111111, 11111111

Nominibus, 11111 11111111.

13111111. noco 1111111111 11111111 11111 1111111111
1111111111, 11 1111111111111111111 mimum
111,(1111111 1111111111 1111111111 1111111 11111111
1111111, 111111 11111111111111111ω 111 111 111-
gulae 111111111111111111 1111111111, 11111111
111111111111,111 11111111111111111, 1 quo 111-
1111111 11111111111111111111 :

11111 111111. 11111111 111111. 111. 2

Benedictio. Omnipotens 11111, 111 1111111 1111111111
111111111111 11 celedonius 1111111111 11 111111111111
111111111111111111111111111 111111 §nulum 111111
1111111111 1111111111, 1111111111 111 1111111 1111111111
1111111111 1111111111 111111111111111111
111111 1111111 1111611111 111111 1111111 111111 lu·

 

