1111111111, Pater 1111111111.

’111 1111, 1111111111 11111111 1
Tibi 111111 1111111111 horum
iji. 1111 11111111 1111111111
81111111 1111111 111111 111111.

[11111111 1111 1111 1111111111.
81111111111111111, 111111111111;
1111111 1111111 11111 111111,
111111 1111111111 1111111111.

Quia 111111111111 1111111111
1111111111 1111111111 1111111,
111111111111 1111111111,

Et dissona 11111 111111.

11111 11111111 111111111111111
1111111111 : 11111 1111111111
111111 11111111 1111111 111111,

Et 11111111 1111111111 11111.

1111 1111111011111111111111
1111111 111111; 11 11111111111
Fore 11111111 111111 1111,

Qum 1111111111111111 urget.

0111111111111111 1111111
111111111 1111111111 111111 :
0111 11111111 1111 benignum
Christo 1111111111111111.

Quia 111 111111 111111 111111
1111111111 1111 11111 1111 111 :
1111111111 111111 nobs
11111111 111111 111111.

1111ιί111111 111111, 1111111111,

Quibus 1111 111111 1111111111,
’111 111 11111111 1111111,
8111111 1111111111 1111111111.

1111111111 1111111111 111111
1111111111 jam paradisi ;
1111111 111111 11111 11111
11111111, quod 1111111111 111111.

11111 precor, 0111111 Ductor,
Fiumulam 11111 111111111111111
01111111 1111111111111,

Quam 111111111111, 11111111.

1111111, 11111111111111 1111,
Quarum 11111111 1111111111,
1)111,1111111111111, 111111,
Erebi 11111 1111111111.

811 1111111111, 111111111111 :
1111111111, summa 11111111
1111111111111, 1111 11111111
0111111111; 111 111111111.

11111.

8111111111. 0111111 11111111111111 111111 111111-

nummus! (1011111111. 111
111111111111, 11111 1111111111 1111111111 111111 111-

11111111111 111111,11111111111111111111 11111111, 11-
11111 1111111111 111111111111,(111 1111111111 11111·
1111111 111111111111111 1111111111111 1111, aum
111111111111111111 1111111111. 1111111 1111111111
1111111 minum 111 dolor 1111111111 11111111111·
11111 111 11111111 11111111111111ς 1111 111111
11111111 111111 111111111111111 1111111111111 1111·
1111111 11111, 111111 1111111 111111111111111111
111111 1111111111.

Pater noster 1 Et 11 111.

Α 11111 1111 libera, 11 11111 1111111, 1111111 11111
111 11111111, ’11111111 11111 1111111 1111111 1111111-
1111, 11 11111,11111111 1111111 11111111 meatim
11. Amen.

Β 11111111 111 1111111111.

11. [11111111 111.. Mt cum.

1111111111. (1111111111 01111111, 1111 1111111 111111-
1111111111111, 1111111 111 11111111111 1111111111
111111111 ; 11. Amen. ιιι 11111111111111111, 1111111
11111111 1111111111, 1111111 1111111111 11111111
11.111111.01111111111 1111 11111 111111 11111111
111111111111111111111111 1 11111111, 11 11111 11111111
h suppliciis. 11. Amen.

11111.1)11111111111 1111111. Ρ. 1111 derelinquas
in 1111111111 11111111111111111, 11111111. 1. 0111 11
11111111 1111111, 11 millu 11111111 11111111111111
1111111111111111111111 11. P. 1111 1111111111. 1.
111111,11111111. Ρ. 111111111111111.

c 11111111 111. 11. 111 cum 81111111 111.

011111. Commendamus 1111, 11111111, 11111111 11·
111111 111111, 1111111111 1111111111 famulamque
11111111 11.Ν.; 1111111111 1101111111 11111 111111
111 111111, 1111111111 11111 ad 1111111 1111111111·
11111111111111, 11111111111111 1111111 11111111 1111·
11111 111 111111. 1111111 11111111 1111111111
1111111111 1111 1111111 11111111, 1111 11 11111111
1111111111 1111111 111 1111111111 111111 11, 11
111 111 1111111111 11111 111 2 11111111 11111111 111·
11111 111111 1111111111 111, 1111111111111 111111·
111111111111111111111, 1111111111111, 11111 1111111·
11111111, 1111 1111111111111111111111 1111111111 111·
1111111, 111111 1111111111 1111111, 11 8111111111 111
111111 1111 1111111, 111 11111111; 11111111 1111

[1 11111111 11 1111111111, qui 11111 111111, 11111111.

1111111111111111. 11. Amen.

1111111111 111. 1. Etcum.

11 1111111 0111111 111111111111111111 111111111-
1111 1111ιί111 defunctorum 11111111111111111 111
11111111111111111111 1111. 11. 111111.

11111111111111111111111111111, cum 11111 11111111· ΙΝ ΑΕΕΝΜ uomuonuu‘
11111 1111111111 11 11111111,11111111111111111111 1111111111· Βᾰιῦῑθιη 8161111111· Mn!- TW
11111111, 11111111 11111111 11111111111111,11111111- “m 611111·
11111 1111111111 1111111111 collocare 1111111111. 11. 1111111111. 1111111111 1111111111111111 1111111111
11111111 11111111111111111111111. 11111 1111111111 1111111 11111 11 11111111.
111111 1111111. 11. 131111111111111,1111111111111. Rammium. 5111111, 11 ibo 11 1111111 w·
1111111111111, 1111 quem 1111111111 11111111 11111111 1111 11111111, 1111111 11111111111111111.
vivum, 11 11 111 1111111111 111111, [ct] 11111111 1 . Dum 111111 1111111111, 1111111111 111111111, 11

 

